83485875762300930227843148511087131713385742672775694518513857756996888027844299932829319876549346784425358705250429381803583218378948882270598534449365222386000401386162771794048975314150616857491162596432792936990353449341113730300745985002892530744494420725746408740071262878765632445941352542291440484930551255959361014538745624518063746850085489844385319787027457395
84373190088573711047017296295553821290596742505009105125440163156674929775166772713787103399966266076870934538260547492859398065702211855095193893738095078611373770796177412039382861761712553513190458641351065083360965975146954829549594628880872058493844185315145719974783521275690675932408489914416802696514711235929959365819126111894755621166319068555576108387569525625
98843234084590534716253205567561969329882049708029474961211294740522455077727373712792673347769604286116599637404724993822412718168749919993493909262014948814109615552699736758407936614888407731653040681966833484258485110062504958276376611228624946536894632033875131554677505589109448759879286589624469058430243888211589580508959769661057647709488418084249140073666667059
92894148248952482450465541436889045245966121678682648820729100263530950555181830642716958770422703510065211745242210662988919366154538736510463676566622025060328646782529402030684241656135174178563295558946510440804818067075765231899379449246324762436768383028734304604494677128300854686228427122976739634172427262892729902373673978557559873101836059450409271342574927937
89291671044072220119231039566207148935247909441717974321593112414298383722442294969262539192146002453541007062013204095504338762378724026298451012997959273205928568438339075080891218373850311731926140410428346473566835545647659991731038043671760190450319414211306961270352286630840685926787720767928417433893652855461297361261186821367463772116638158332025067113413833081
101816584138852129109048945934640435021368963405109818344243137060314537719895318486076509922875130352081831091685428185714699413631680662057222117024201492363513094937967958967045514169602241212259275406484039228674601731479326831893555982624167160754075093705654161854906452033579339576048912560339228260537747122507232107181326026571147472050325533291844299511793545591
88456606784458990588870664482283159102946474388446502708674525679195692540728795491433399841912799325123789767567452905572285471395644312227589893842595607425752029551178864586814329104355794972891393532894215994897069881852122760034527961159748189004491102403917705071882953462083020325539639090312853834565718177759592783093804538180187044423789893094935784600843264035
92552048773554195940902261211958189856418503469303628864536360209155692609984799770781273029822296236719113700720708727788919295280660646724658108870663776750187142519053660408028980831189078279296130938901608412491902025787141031676073227670568846643596412151799792891171584364117939568242892657205399961722738848256250166473238096410794117851489316039616448206597269843
94862064259952198837921111932642590406918991513218498581173126357809196903347871339863660515579797139414453306874616275669532282223102024170466574772228757555917755500441573459338686918593452828513399005282448285704087122457871695808065945539470860663262112245720111703532628972353504271830305972486463767722469588136565833357904356179744638700027815272156941648336746563
101857160606812982663791633192477673863612091023505084002804800057899680066270288798083405564685917638360262119781282588020021706376303226097556491257022285999610827050501494617475065085656648048781236738070846329705460259359384824089261219592474703945127610037527093763329596216139790511875288609518158310175722016195782441157848634703984420924906232364043084200849994497
102010477804294188891663349003831551225536055651635116287068330505654279901558107146424497677552152124454825555826930556921549589609655703517361154773856552092302829312331899168240681284863916812266414667761182000577386845317400477404032724483210477773429868369592977399014790170840880237032602583135353522657105822248913657803658019318300854106426374606615979264492843065
