117754989965542200113088893427765450776141401492608947854492424777011234144152318066711176460405348623627818621143202218209747085307927545596706954131100749036659235918753242305447863408528821210239079687728357347450107836380562061376799749344828054779419466871340306423081064833308387047950813187230773197481
144892940638834427569905824824899924663880028585726216453656678594712986687123224561139540967688734845319556351114350140811735749736521108966389643256011317662265414019661344446858638961702888812590005343147655000427590049897800126132350831020026050599169275788549944705663103318949163239369649723140763857613
175547368782264515174576377395936849602048114932827241602816489554910336651071730263947186638436362237760976217766189736913472369699701055948421152248184930097112604346214569341436531441768835351351941377700972544415936249216532903409059874244612628004343119248342691085572123472762775320925030401768927771501
168863464941340283478628906664427712786086635735043732933892525555743179982261263616582389945331130835231394092279993203803970938066739872989980244526201242215744643408219114325003981110714193315183023321715337568860518292508722357691811159353601123466895118553382712334583249928364520562687025270008382613683
110547372942825872135667988716305496025740505117352235579008363950196140948855327865343928908654683942349953544493224760050023053533928031722372662342946269215882320855343945873835469888784574426777379887101174036131756665892092599739812689816570246086944091810795652858019980504556142188870370700220032437499
125776062894916439480757070665441876896166401971134965944440594066101266559534840904183852930967905393505576672657306525262292724307122769581489962479400534095797167264243645934716709362650582064166644160705785975708337641440461441131408588895666197666260174950659794178033440685454686894665574941865147188017
107052826654764495011263812539958296198835856579676567915675298325093439960115720083250768717402298057765640963463274178262169676547543611033493013347919253784770503837509453364732612035059979127139829911570802668516908735786312003246955218868591221264570502786350256050889822167811960882440780900591026734227
177052770282204377765096302287006286199425029043672038185831661733309454335189022146562871023797581959361066123063091756872565989101665812473350236515136127806471927656218148879268034823954929946017209424981215702054870154875862887480126414683163154779422024668716371044430346513960779353641745167755170505599
148300191027269173833733868113071401774532756092696349422008963721934841747847163849281100103888912965030493631151007108697944548295816632793453156256955722378459856273969961080442965044525445995702983415922705299979241665088437353468544917732407601668973361349089968823462372554037109904955574523719939006621
133057621747622620970854609362496282513360463953288345937509253460941596984847735386250793663142714888782329122006654839604752003450455898798930708779843284552708996038717530233132232773839430626685610924417175242030692355460183852861656619294561066794742252699386236403455921650997519282984631808621877861507
170937144909171752498392303067625276971505049889183449923733645047733278476549065194325974593860672930133784721896752731338243849307077239687095995571165590627046073806938465758866655098655422999378548619534313289870226802967443085531166640882025042854881801448470957551060141927466870862833111482456615977737
106604373861184707590591739277529837426994472576290214094336388119453804978905314909199379724676853848449710183112263169011348122424010048629913588348325010836516813429060735698311804053140807763671713677636599605919197043368953326424724940397247349684544135711017450736527148811325031221002567285333181516379
139534859362362883249713524549297890678430049113516058251554500839538222317343138075547238856206539487630948072950138678331796101302975521133515637793699880745061064518608057468966383862761529536774330970669333635534326182236981212157018227268023740321718388256330757968852773743530953888678364445977695420043
147647372458355997500123807047509422659119512386913336457767151659662124078141227028040827121188096335051011847331993124342210127475642137771423057135896441147952641815506981424370742216524288426115475299838830705430330164182691594604774290664094086025329855833420434642049621310783990819060301323466778450993
149864099259131591512902766796252757122700601726238911101625182032114421880195983129874356968000822717907038541504388009880653540458921969722095859851318413180343008483129962667968247129037821218179597731132652344418741992921324732841707311635023421221993206674167593622404074542160177844369104759527839889793
127592821068116075612693063539196504870959629403483981765657312055510623602660639982094839046877148787918928377561877310575743133255639290550383395200927790164605504694290898345681673757772637059519559328536920649643730395826820149571063407971092496861435792056305652559091605269527142971797988961260787323961
169570692440705267971864228431422184847829241008449740793789563251315852956950605571736412784895823845577862236384703879835684937004676676968743413323357570881502188161785651477139922702139376328035993072515563351241804217852092199425793123353561619341683717540607355222478728672888880875702398454921934375613
121001493255381191779702383898541392188313997327494249777261407235992515367699996249044044529470892270377754957448591127428008529171132020958137446513460130950367615880836546627832710555033029954904584498868815321981188496628418764893894757283535300969907999509579161774294183747223770460097771610352569036573
108940237876414474887811246810545089478883217517327781121556353634829786659395675097773665259469387023327706762005984612857372244392427091336596627196423333466663704676270720274273209446457470136403564559375005265280163759915791251967639745378839492554753208984891850566176091453027153914456116514673402743583
150268285282815049875857539464774681854109377964776925756735925356458751530776558576123308254132089687412757977486060885099744219977768349805542593722419588281764535241473802453668692001245428894479577083821850639601794996125176732302036600930418623773509765616176952884982743333209409144593423874443681244263
135736534597644274731762359993794850051249174327899447512251069702152782865812828518514449097587829284874155445863628453255532959282541610674508804134174553835780085251101279834273711166919929857442936499620290910260249175323143067581362601708221933789263534435958729934438269657397384069952964135431976849883
123084440052451457910691374616375171097819948076213199140127665945525389394954384171257425893208742057168347462306441939601409914447097680446373247425586575604775499288357837622071585293504152332671422664377184955076937260782460994632766235003079002237786991888097399361710772868650639078119272000468961860697
148845792460242468105725035752147949662556773024255613287278670229951235538705768813678535366078107969308760020005149676069033175202726170754012780818949222880161272674224473574888529841590315349047712129080701397256246374740169664938289209481269284834465873422899192276919607070741076624767550536677833435893
165922814252344001413208652301461623599309738884752761084836244336389558217078817385377713042206394987710583105759499417441413374421217424223052636150868948731720391921342499489509068108907195103715742539375867562871755316593759226487048441613435036770374383821671208283572158791518524965601510078434546750931
150005338545095498169399192092056763655961714503910838652098843399960949984333524681997656147839416907868782346971948005696146141532917071656696802732467377983678192743185349414658389200983377542308981731500120052845108254619188801253690798401503710973696627309323237662561742110176371071334715812192142048973
177353770490187833900215949358917845586931487955507125432831820857259143550798141094217085232205895366233579993633792442790965473308108104360859938172340388445202218004847396633708019904735003062229645054498992538294320194306191856053269450910297419486925638341192846338809159051064982969531853445306901656993
151906167970133285541712722257683763235769008545539383923606823892822030750111010369058690964880955887593422899213494894889639377187389252087513112075394733842891671598147540393002379655744178744138556815065337877646333079503212102541274908257378800336820688884633528943211721904145146596962445499927344052573
151649645780513039358177736989602042667818932474187218928627707585953967122527209546211994438840764022536645936923407800397753006188000666464240726238469007128598651363467426063449224450660534377405338150667728559967243481336628594766483090798771023403295736394164501023132270503741224255207604542762368638771
160996638041115931019519105669970339136222187861931660430465709641632736933504769979735501370145904662380560709686577611675129157539475659155819271617351107537739808599850421514956547124970164960654377510035956485007828862175401146763774536320089165857353106231287085265263170158892136714303660301044000259423
139919869446108240785857391052203119970973474909283557936142657884643754427356066355735317875138690796360980570527381180192125980055657642901113801016737737267921491160892081563431051590898776757389539029229798928460816981727661025504669106272238093442042057880286894604663135056699491814884686521166062138639
171378728634835433887769059070303594902632569410223776316580566573342434006714342382147488812665492449621392853281777637567980796523181446150375760656896889178859464632851115859747949383120689427492118815527870886883566077577231792832947783891590020253715769467957593897905583239340169340845279803581134548701
144574504703187988958846725107226009979022292169337041941548300006467555563921794946692612445894918344785784117544432307506005102953249396435352100361596880110723915058634882103819914550511233304171168570499737045745284995809924277760836726289298971329502816150393587556403024576680772501597698412634184245753
109723872127922222296400619336092445018226052457816106752743241824447707527728787033683723375366951492858718103391175384057034961951184303400709039608904396659047214924463236171482886685804326742846934206993022740752580372929263775882061353563947862729268371526516449192056489156930017180397801772445311568243
143261735483307783604370444807099796655441987496036875055048469332843337893366836983311753695074132942066034171507755711247529425494494155552478496093481083098201132883405533710239351303006460472075208116504432197356825010900602633057847189548137667346551691075447310835353346868180500747185954342143391460151
160156427067074466584850761097610528597238038513398486839975555139288733358326351131917716821060578329586861149594490836691049037480574615282081340234261530829981435165952935894332307865175708490737985729682711536801201999666628343217019919899872908610253784960267714196321241396603459567331121301831938313327
107357974892463541391587068132182529410940150065418071806627124527305209470948084349862776508438937013350979505305689338265415796739837415937467464401775827343499209830622781331950040471842402057410005836237654427375672897545450959698949192325546202386539519688452359682357223566298844251128495835756779630591
110294934918164674865011520510418659577555048451435590511327228234125645037873102407862427950180478981619469432375609483668465776241663543269449765437619289557502527575451755711103782498084701346425977419085455899392006418772910349386149715444936482529966918146783088506913289306630798893213477400141902835671
134506966383135137207191916307988596895099555453641791942681548250489104415490725824512099036325699773012858731619035495599912852384675170633855658703033384991631355591916591399764373748919733858175425489924438404400276895552501593259936887560726371410581234086882976406253406914624341929817532273683653653153
153320807353702267651243461926278323579854568146224561842435767753665264643293952765932506432642459036953366637551915659989763738197335778451965718987384344618484432029052789663244675395013085660455847529156854263739295265581378475443120704691764251922741877291275343828093793533074605755148225064095664481927
133845147498669205863286577295418218001908123552927155534457576228116358153151093747506363719411517807130913718126572955221875507467908181952830820443589836897666002453945626298062186633619830421556442321044888340224985423012753119970137038599804696513801035348164941080121448887814668139736184835272148281951
140153823056626350732881271458503001607087880570551243260703901729227008432482366001881146116052943149681104196249735730388789604175013370172468964106321958282626515912918296617229555761047241715924955989915898560409384618689878871511476183595640617604088494508288309963246216822898203057919174902030054796839
156257708263170141073543047982537737735910097911474050572957071361531415511027300262973339748059634398716513690521178702515230328356879815949285004860555860579618976746391861215885044232609447818568592559777690874209902599512716331591951963214851589121061855340602446770106952636026555741850340571901720709647
108058357597006864510803076124185767619476921876017024485293414759067034510147904213300167718440551137132170733651161796986862915120178656915400576483061264771244944018611743336656067885564011784599792499120578636433968173218693986065365225904054990626156591668104307900953721133745082122432147372394912142013
137288086232831231125554138500763176452276175834062478699460494793029684953140358845930943555043502689927684610484380659258125333895438726040987220624545305040266020627686130833615606846057879348412766477253639881925718679205918581589446825039906474802479355033070399786022774110235407258970186992226512262443
167488371687149353407079697459861797721788738552979245739510877719250429111809598139863002944777357883345661926361391181472981799316242298518845575595721657690147333780605100619491611909464434944299512375109469639948359145428559604330743097301422294891293134630979684162749617003388422028614633043202757586773
157151562521384914560210784184588365284188629006794880261605510711263196785440502488237059667492742446691267377546811312679913363537843668401243790341362451632118580385825910869980048541799482476484579571361619404096416319813538736938080672771448094390373284170614411482112005847747425086324411726900324887187
140292782003658710265975948282206852242802091577103734486039213842076265594026996549529507707010694855902810997573431367146996389078114595107710838428475713272280254414985906439458246517379762914124753840061190263969966820542959506897668402588963824602286525355047581158672717112664989077977275999304487090967
147089757011143822089362231931425306015684477161358686815355061739974411590284533582375096185468028210950228902438050366631215216488775448415708175982308868588878574100538161140104600204123311951232966604248618558945636629464563151126637870065032760132675684385564577176765973797698556040986470050792496419887
128692336019794057206736618012093528717157396816601760845096758410302809105226759901672080578466377087355819829943875749095600656201181173057712310433037701935738294988105768543262497926642163452045401732376269674368036015110329893291106388569502283476437488677203703470545059583075556693882231046154895754233
124126817556953152258692408049086142648983259267648398953443388979445520399604617653750407922779446212086981131088927151978279338571350534071472413434783537458037923447834020762919094472149130159426085419957959560868545918912096135137412509189982646003053278289885951421233891444458138848662645795364708806379
175359970316506200610179565776710445251430243549758287934528646938301416485737237287015813854202269024153226181343072689919332427883082603508311638641521711527767170683017874964504090962622526666094627427837076716976163293053770223527614491817079149365347030983096072531590702694377399400802681400641348495131
118671687995559055952570514937881468051376235420849257402760431842585797399348896313562008744485406346215367564884563940099723857474238606114001844943881063736424577051891343984974950134343641337878224899410197279397089072547885140666885716141475643933907595499737886408713839437405778137339159401093895718403
156299187056260234310246849407429803850960128222071486272492349085174889670488493342182516818573358567969566819834499542160098993018805568762502094933388042931690928695003699528655652072589211576314013013127906650705535927675103818431837758362423083474301894007979282418306761484094778876493294024545754476233
133484369848439059287463127735388180926413966959138473284018151510983985203442523280399712146122474030808414085998929008131307985744838373120240557062325924180520515698369806947089501540092512495762573582530023836485280016010737689984201172644333739553847260666131381144037263285662747960161453647551004498419
141919132935396249335494305372498870730213796873791078882329376171321038230840271114437033917546506401737690587948316213660064917557139368339764118276117863664162774114803945656093366503228296111418909611261735186628790488196696621729514790532878380575925553771064293765278512544905102611046592956380837950041
111966142336806314966292401303790208006011794221084633007967912098467712034930708645333454339131892966348122602048046248485477330613287768253274982559629808740781325347341344495992273928808456635051846270958433107733726760842653495499981354326568250466258183880592079409212038567022172954210804739628489032181
131921970005171830658199909791474990076473485985118524568983747448160247585302481704522793458664008164638646854757505515403585907877647114849089213800311360746664857334127114906757902361697928043400633674819781408235729334702510571414465615425558434247946581461777933666355646468971959870905048694832924547599
121002629322909864094252381986242702344175223009798587802366063132823284568617287880805966902472354872647913524884108717405017669750029186480940065246660003392784483184924102731614150783334935415039137418547152745239078095105591053874916394672107817426856298205337076062393156451903255825396152412972793162763
128280570586106719011214367349300691837495242502980602277237170081698863400383272873920101124925482488066064013318147345484863048850089812195463257024401448879096380710197884599391132680283865479376280837493827569921460653500244597839413713263456976455554091235548778813709524526377522933071453110397214577011
162466852777187954382775240112790767589774908935952943220426157021723292452083119636127281117357815280643737384428687021604919159949540994751963368271970525836956721491237464790862096285820027009986727340139539879360616135010577089727778774870040474338502323219057290822080933506848417906869393325952921945231
127568858272173294486593016406813674703963533153366303119102968372781920435991022184419017165644650981636074601432588295349345575340118539105606138744706642687943401243432850517659011408257481495140850910513264526711041614815062562841170681666026638385915299177132672421782465727940475863477977188949774766371
156902444946480871438993356054574054345802521911676639606859006167364217964696096755881612446599137217643544704584879241974818965188362909319405254673100484304870723960953277214654139939275053181670621107938925811474208989076299296968880545826312947325985598608844486212703084079141235741819813280535264036081
154681142719102735083331273862878971618777034477851301671638073704612948594154380122651496687759007361765775150945517097645042523633083822142237218928998064835055896136098389002839421307915761638350301387716312261009935374728251800326674579543546449748865969492687873908608342217537992879330672324288366628303
164063844719777887426264108211285750975993306314662621548252965332189684518590770253448787894746395878779602502527725541799623948548436164462541068481588605822191243660355719480605103416172063344274939144468636756010991782378035314416460120510514442750226869692418079103238409962397918392156587229081999815767
136147130183749036720617124991944390336165408647643136390874828187753800541964693679240442305143695083763593290339437830962752457894588744091745483571263576340328358420015351043358539086113014831888865878087786522681709522614218126674158626244523493956507264331294749519343878878446672897266937583167682482441
141589972559863639648333326113899694584927893672366338063771684160346341795043284885313511461843821219234328320579260796188161816718826119176372284045313468906682999910795704290594123655482446795454081786533630522607972295963238406480130279817274196032024732968439822245648974086291650264526504649221778101759
131935118540904849331144852968966431884176028186729508257734401934213354639912923344503745275573538071677838649058872220691317471038100370890774474094652730728258052660617007062064008814460489255620396636285199644868339240511916822802550003906079736484565853128431061467679634605392337543786536857393600445981
150886660066653396151622252554270288227994072200744502722925503043836934364836516403104290234294209386586725396126187183465274162250362392233072216178181082456589566354794841222018192543660491976162087787320989252453312820406203196151895257722440163446964646833107717434374634339246722692175971561519854703927
129435477612474683793770217771801720751936792761419039916035391637107372925913968352512047258191546723804645009526040936313345904376225966676922899199530874004362830269080511566993856087132919222593130127885672052534746890109250095902549183211375142203783819887472052012316059120005075506485409818090806025417
133156029033828504565885267018906489015315677541610966047749433955811098028659937786152061451790474347765661695076804068573031571364941580941623438159567337878317050079727723760310711149421819773058256097603698258596642028602907589885514371765792490627900866619743769945403675072068915726864746644031967307227
135191976621071061630680965174295214298627046397976157371006100096049133696650484112852640180644615569426777802621396777250675093031690429087478192109463727757083310427204108227883201688447538042395409001811374227171761567121824512184861712169912776706510676343092073199926388547344478581290280882694401037179
128296492957909914668172260162624502180339038150977721192442416638877612146527797753268777880869163767546627899681725694701084841757641406776681579012295477425890678567804935072386690274914449981479680577890945753638100035452422682759381122421344726592456324013308928420350995021615682870831710701392432054229
106752747743368864625663388966016094886916901264176557395857556347609629998053848345902834374883135722899060641477170635882085927962149286730992633416487708323804090030186636450528602086415578483573519210406662428166855292599126716312852265535952743390362674161352222884800344717382617698430576891333551195651
136171468408183978541315569654306489912199182489431121790022395980614412546081530759476500932688270401693253244370443161960790354698023757068834581994802452262556076806905499762793385708561622586395432357621700362992958931285183228029497458821266089476626357369001075466147700030661180780979348788378394318973
152845363434377311357485553639821976981301843169881317761565123266526930638625776827478917331592345006269199672787976601148840810363882971869213204932001294123658619329110269033860407864275683299401790866228749821108967872018015731937018952740301085861486246130169399392380441297917732656145921168480448517541
144004703065115942812068966156075980665527811939466538518520357447403881725656952373932755888051752473692495237515194564856365021685244771655333407092156789252059524593594980767682719278358393576929265961447461746155602657429015948382066749318698245235889793808561006839186681752234239308928053614163169359359
155828911507269777311765707781163776011485981864766963671881086214105217212699781921239116401449626648479417637193561745607011708030314801575244762813334094614979761141933187551035413645211526789281014092165913086375619432135782597988302982627764878006614286395121483096642972957504645480473448478129916801483
113383320831000385806797777077529018964740988255910348748851359870214024747841249736286637836170561760840229476326433121748729811474303520047707197944400117386894297176247376445529271662585863653580288714220736784238489789197055526020421223782035302297428902894743347888155803539582946790679512449156635090767
154684992122305110413154251853199390030490232596045202425226684451934199576543736975773962420979338222247273486154440958932851781638414948759151883300050683296486907646794529922968629485696069726432743860830400528047189137077224379644680432125293204391734762951615957685237942187866784689185107658699103554213
150240859659904135892244085145995460552934320157219536164105074344286375370659958417424846559489369362847492964623814649377013528743228259281112447356833120580735778073759281499233794363608567496734002316099586381647441050561947203868946087767223503131054502974368603047445171619691024650491938891077571427119
164006626040753518835904812900809235287586093550541991192733637815856749250308199035251513532993744831646641051105665267208996520903130427214296448015276587697282807732916415824031291097109980055232100028676172110814664937511773616089794685218298604238460912023146986141837902239870773085603012895037992673751
132049390625640744401382082093522672247591610455085884539923139033852699962982018985954755607647726199236146057605397149516919223264454924269298370279818699140746205654509582055743341736146733027668422319187391039602615426936883562406507649162588298782824291573438261019190012437790070606522665630203354424971
128613506818440894574337599553130997650456595644782218372143360369881076535183924261207192293184774112088454108442020245559812183634483827174247070965903237284407292031545650981478682211363934796295899277534152684367520114329440997567642589838481067737764341967182411185689054268434536181918820298755684445913
131027204491343745406498180653262867269342172957510155770789640654231213968769899923846441278466763012915612340403731307407729974627529203038504239106948478979485114780297649822450871224956376014307436425790605953161528587903794193599497436865195025665258486138129648010880370417510817401662142759110708121553
146736605785136565304073900531765801191620228379790121827427820923243760396467960085514386273712677579286386955800796667447278964902255585426562558794470914836881455233190741715052627221209805960875899793346702577877016324046678360091292474776934179699237934956956586376708460562329226595125380313525366840457
160748313249404413020516221541759042112997801103900808426885139653671371528842332069951589332630523178246051940225289391130131818964475991537380195682616398585804390532291699276579000709800853814629645234217043881244932021746650504712162608591855762680666747572813633957569706244273902414629271604370543497177
114907253671542243754612179405865955841706995827926472519009724457564030076895805330100639457914592648668967489186617749702374898290434906280468784450468996941571969503711274971125578793727869041726994135701029411202649157069375027160339998306320040199173461443781693985432653103641300305060515607657920832039
156119426898093714218990962158269215841285421175959313902125557970197793773235884693588180692610603973393054891656141762259941900753964911520610420755779646133039252021034013015701496623128860036631403310482004398729796796024197315784277319334064185664392767130160701827932548653353439835296261805057874346287
117289582988089123990741442248361753510593240199325998009348208068777657541842351422449829644677785761078034360562368795036398831798452475609905875016474459682058782191644051508765154654167781950904530267456211825932443364815175820878996953990659739515938146775917239901249548865621578678079216914619207845073
147870049579186466638485362316440339869167108942363529304484587895137333183328183933417828193932036933359526894019396617882183287399879961742185298331916559530955666030134949824016717608342886813112651523028858478600638085315117902859939756333098847579991872716007433432333759020187497696060403071356363773691
139028891171774106192155721461392880536914121116795571061117473102202702654179154107233214416095908365231937341014340630622956966426575738814118883987208480641120501813606303705235122067681985177557907958895942635377705134236796623982621390292665658154417231424088606032185580211326017407152763646476552058467
153623525135865284657814614921606030185664942156393075126946388740780235345414171825426936417814664048814179924156310019592054767309840756821113394150866588025341625273398434730302561095299889642198649363167270499171017171460563506421451032281504336663168720917556123275746984175426612233203766121844279929767
154271221504679475824534928815746918011617905350497119057172945047553016820657682294591985617358927828538886899839651200502835800930327253112198600449159636124178659677641616415496643427491911342269254850730820360802808966668682202777750494754032274197841702791661428144994146088258245128909452831801217773861
132351398811687346938204286979406364385343993798442184915247099597083646771250900050527718260792495122332012034384735634369193984613445205795251407455263970565417061349028229265676962121627622190065104923846833278101744648903205115932297423991771588240772439883614365968459175483877884083999555351862987632023
157715014625013893732013378805270807806414335871395844322240459202881996280434876572133183410175612698484617691949293441707969940244334066800886440258944477170250100911202470654281631215104804251660094427112698114196757116927113318364914480515800601370509435252481647929411133822632818453017385794830433607709
124201063322154176736388624261613357267938873738395484857362257325689411585135274827253006475962272072435035998646252788556087407713946782459813695384735922892894359587932191069812157652426783536420345855469229805462789518643910794238703334594377058922825561777659817661668241916717193710972497149447523094927
140626734486833705290061099007678386636466797086378705162415416524265772274463852487897423758878275681730891678642539988578332596324831168813837077988264829308281538228815584940376507242267701809748027869800565067774859927058239443971732521204887972054280638166924348898712917664397379445747376360031107642953
146897640928561019165335001398618379443770879365333620197315120704442960145449537507380592160535983216172516590603801608348273191918797404978996292580365847302734519141045658097129024282282579938142813925196723974190440890392834582580421281515394858978105821197455398233471432561328938805181409870187173511657
140488242200473785520174821074945240472791643153679085500914608331290949918186413166256070547241108755259457481809063390407644462650532301909265924333246418833258328108135928115971841334584583562981581445323230496381379839327713307161694490471175235719963745603762358483845335131792298773374356368018530878797
123461798439501756134999375028291353986955833275844711754826822054218807383065608271786087501752984139887135072681917744343642546160349528106106696901049670857512747069736452443824626282668388773674962157200240924730129599918286165545333957193233283678546968703783585007504031642058583146711966593318444958221
137431937251730264764820433514780677091098851074919492958524962208252243058892733768059025207257266152659888903976286568263119427569516996823321918694105405086326917928666909186920181136049085356722750831294411476250730013170597635862681591633199437799134914903150036967459024552650220499997644847314836695271
166304170276548621714245042157471470757168527272007497883091295141504242801560653980505981324034594231761440643483340740071738427035012824609062909846507286857086547918940036084655271328840013784695334439186746358655622436058555193740326409512580149879805535876605590429984272300534723623130711570380818398987
146972647926130015154362061977755478731472302184380222104534903637059481992437596175012070913074653867230985268038333054625002397620937097583442995827122130296923939882336365561143209277811303775107676400654442731130005698174807452275673224686820472299716987833000067741669354992993639475238813139797447579959
137899983320396388592502907240770245910324500733089119484698674849783533961874530562412890611702791614077854558832270267885281457370994156430486915139153185144344193122496884869830459215122590096337510112133276935702628541395552630568583307798483520615490966339061746157618808051487490608727632395887507202211
148375974360695316070705539014368168232333720649830296227504592752490057487095341503018926877116189964562568885675079776809679849365663055928000808578309850667820267788041629154784161410618801504826199024750139739351426906431028287306874548661951454320013023078300109342543051066716267329742808314867603315127
163065311590314957478398361501452016444229079569623486336619406162012627516714994410335390935404628433112384552653783671895532907163993616258742209942946050078110182442052694500558463680020001884993703989943023003640144986249370459452221759630479950806667490470037932874023393503639468081907605941748862840461
148618223750691408309077054056554303775201137806049944017618381370312436152574586019054594381853040152398584731350294760900309434228037970986434969592680315678219507245039055953711848722257287316130169966682819148744990661200995801401304567238990112396196929403125983377843678589994548471695170153721074337843
109194120803932446950913078839415405276600627680930810442269694077474929572084843063312616496119887883381951711312506809118712335678538686217607863059484655110006016250968350736404742082597617927203093417006100879834684416676362148451325048947423202109361879892252680697758471608754606692493327290245670906713
166899884127445001835985043696612916322002341503226170003301399992925257655126247076113008310383951177721994117962385761761706562815514841303515542914820460387798240949079621271311789604969010719520503883503113452324324598124226081913784175456727302172013976916400053975972217157127024422591379681753724023547
147977699720000082674622291474194668864157693784302310154366655263629393702832868309505306620117694123359579174491765828972995491400655081462325863199557015198473032997804435536667314433693616852285968873385032617232740142777737416719509546645314143705807603228860747276536460266741159143503738748545045930713
149706977269449778082585630320126336386594633307914050194290519956229016386446863383981096798561308767682684505674903208296255277467877571522392713797750289489558396625148785319376060459549561124139700319399664058092033112376473966607231659877563711987631817100005043261999606242027767768851040878846539181953
147008827501729677719321834528049287079147567993657479364436444828231836020803502542771163359506941338019811083765876063087612255904885053337849934755510695954331730584674073609412367324738874438656351052988359471516239994475799954416403012894058764456645161825823264355238406400480323934323753884206030617473
129055709412022194420066065783650438438486013764287075326040887327895630525121170439522392426208376544610199553206759561444805059480362011018286492603814924946989358262260316210435282408734498112589085455724567047970881548189755265734710840978804713655516935368505733472126467807925878054308521156467581383193
150509059104053838396781817713716325403562007134609825142248682434836465228816464520984229535007481328693896218537702666947197045557693034065937179126722505603639979871499933828400309627988387657605584113961551290221909290323058770574142142277915602752332791748737219260452353882639775228282057362787809147901
160987868412289536493912148391787746636040594149483595142775439482377528191401534049627720377261701900151412161849684453383256408710663036633341734531376502437094208056171325989671073283864384182804445519793059635478041792976181136855402645286947902568313541836531858704734300467724687594042657469192024487301
151105948494468298312257256344927694104874370560929440272464304666146380161563660373263619825215743331723662313379358791770309504429369205784387071292406295098160241460191347632905752814831701982951101664647185746488767459026911232972910989138885151660143608286816494739518353395120213745785136331865758373503
135600896231952317419614711267580769444331294634487977583004407662355363242211149370082927204997205228930722831504655628787358384852926806979693972000101987281495508709839790606858268067129142286703209707200339856374748607249467760523701249482540676059135377947905150774216578240639163457891769643725039875311
152516176612523882322603816083085417374615263498027433780849096231509361185537941019605085120148077258758804719262080370973479973762389095391770921369108614992802876040139690631108524952412111027285918220500285550087012064457985836535998062295992542693150483171230694258878787493625891043963355851493308931921
146815679480849115152397993695861111969953421989225601033049210214771890871764844623224086416276075823512078000687859880995493868639687934026235731228200332927829596648122917556847534409007263755625834320289103251295430044399947498088477157734970951258701188256091356644025598938651656189901799945523824503289
155963393399869837827084217525753362510124623817728402125479868828339734246981473774814717614586044142666643762676641303502652236401109097404043005973692497649216707435860958002690808584597594680135713302446171915688554255442069804122673494858390662047116722131397501745872565548607841718471919208622415537901
134374743782870056212609914318540106318333029619750186774097982035856144995564051313040053968040955839357509982885485173470130730019650022602527030193878202496728793581063012359466153794081139576006634271473583200145993341943457988083090447547286038857116078113065390024124205081305226261984688515384136914331
168641899559384878205232181946186711920742141487603360427480510568495190666229340871555347230923952425473611132752486308014223308942141369439138504382444153337468564505408729424973842484482617681055255934699192539046856623545451672566645208906687816396730551423992086996796004513429832158422173469717367453501
142253603531669230009242017611121886277693495376548714373090546009796656439849399036246677148704621967554039730983302299629344497264455907306351801470554009506176435756782792348446161616065386866341271183112281936774252693343436202972662940478539782516039193466298598171682848176527026692076547726535640284311
154756915649335678139266170252069222296931728629139826729648379551165783284163218625873906549724298688145679339110720585029881546076521773615638793616793969328455468097141545221785119422566736194011156011469875242620148912199433931043876170190937799533650847607226118758234324997647955517130589817589129415211
131490233217275963277708687799011367931439947582206619037588634844325819029661540993368876391003261170109527679382793721695442745525136266508328058617537194989631420819014230050788808333378756841676582904657186823768221857353143770226870162629333141716051151281978973632898296679031270996338324387458270609331
156297955440308724795412120901178096400532342334531999468989493368625116178144622433914983905330250533409958095180292161427288162763827717208862699300783139046442405944408235480176135502114222843171784455300435418202814346766851160958823846007002285783839237477346917956432323591794520710757270651618149061531
120592237025321578969295132506206797667259217940504387560242134652670981840568945976011883658483842822178627781133362307657187351872073113619838805094548062940875364643033542064654213253051510113315026551564810980483295970943739757868509668547099273204405226537759584986554412310419428798558573852847098614279
157615935075180358118444626847186448356388012571315806315112757889743194986706449315469052834730546630879688031771499207036774133334533671373652660271107908519568627062733001683736745555536597664360220345881230346687016942648541183238745045116021112441428390255371658785042858969425207921852486174650272946027
143119672238527136603957985542925932001423322139082783777980066708614087364448027890404777036108568429675972164959581727484104630554705292551113867940996180409251708483838960690348730551578763040056565474588864838203319842122063852691099593601239215248991751977248249961912748906315807004929004912988372349253
122943894478695061249984833242371394711819957668139354991924460023087571134290647655395495803608324440669654961005948359089988419292157434054502763843357813310274622779186439579762478569494396255966589725006045158032930497497117184199660969934267619292419442760114273958176270944347167716667432144690807224461
138783543952865918403963987799355697715801884236753662137882828311842497987506402007571675594693070639883933783910785067673494050410442583182866652222672559983668185903913176802637965978509524631601859617385611041799589850372438109768978710184159701262610004902183452735569454849628429353566621337717819995051
149745551904207072294971482594935639775313037802757819539567035636318484434643911877717002094924169030630658259580937278646818915272533860593097441368874337359954102074770002652072565900433640394747350165543496558672979025247138282359930445848096885259783555917448652226958908430965380659675527103737450055183
136097971889566018092452657661434953810069429126717921970704858756446166552439105028741097603336087321716731022880973135884053792665138402907819633563007629047334130977301584907301700264262022673986298879480092483272578916541740667734337807762955589993771433631165425821349389315638443667320813570770490505011
131370858880512759007310588128719188552390730112906229718097839002388024909331661075607995149651396199584396566748120568876406970744505813542528120931917134230673702937702160941964720749810331213942036059418326470342309036655480738941239870415446745578861151735014551602565543859765386249444375937619214988191
161205688392366458479529760930775658362272716497733528729520743832689668660627779829676043326877939933994167948855263231938476434486774302712419365566151618503239745627696569328349391317420293272166529041842045566102685979470599573897725389844670788979272078287029870039906559767311740456966956695236997923039
131633799974100116351465351173011151451098891119267358559324564825337505632383370616790155937548109364520200923113650363516994486466358104170209408278688742412790096557788685217099443563131119057722345558749724725386436938324567208901278441793523942408109166176242018298120895214773899862152052018631199324661
129597974615323038693272051656239234882222610814579912391264742792763686626309797030528904426734140546521859898823678637668919783165757349600900330072452057525025821001014612057055607203109536892721469955152784601411288586337762172402441946889857891682648290861778113130288643978196439074012451103140720770757
136798445961608378510212365047100555519182942351956502036780196217305413667443851645179912987036932091180400436024887244682841623898492102015770249280667054715662107656063158796697186003700987515562500352727951183550463536543555788915145343853758679113291356390366920344517296433280164109396031037542729356261
130430472869434365435378481621371679539454377882350608876192762902464344294245880902275470383969458186709414373241733951127769213064898768020819449453587695262569306184561420274782794469723493035657044204350550206396510565688732671825500565681954101970022478485350547861909204837485133317107329019370108229687
149151884619085063931613192908834410217794868502126569724648671094355566277894789751745829834155950757662936368107248416563167150894338099346013158423591859772144883793473703698275439959411737441329921397994587033395186167800485275603659973419247304044271969641716637938962402146774419590526533227751339862127
146398958566850793750204148339375174600831652006408555512910676378852776613083003042146634403570829404905658240553961124278261659607268847173365393790954088594665265551695742222406306417168325957429299548176741985484498188706385392531487547135426613527877930971987203883929611741365813460469805710705786222191
149750647383752931548260308065162051783314843869246238216129476232049567821252547125224871107969213054921515331593541543516165215493483690033075961456727781789237857692354607343731402013528478665392604321536198996236698743136578037316927204910076378309965483526169205647422731400399205082964212598502577919097
136723413313664681500509957177198696758326769712740067952136676431768508787126622204762164380142265730624288712627308862165217795219153179366566402733218428404904252113434785785593200493604868375087138776973372624522640465738714338216809226917163704908396413105637076138236967330966911070993938388392534057919
111424571501253120573207395540670767801668691862704889314394504201738449830932782004161592235307223256778216218519156502024319443232822232578784740274431120396025559135997657564208508454136749284361750098164446564621674658347962157465339258727128233667352036015110609064139790439896990827049344907262980167699
144476777670109500577215089832275699060104149940846665292601006135987575794709723761066265866581079098987297659077105378446659935523904434975544806036913919299445475467491380524084233339224829632567674518032175504756795044954291965566310240190442342192459332737014239559393376742740863817534078878175502717327
134048239707009773493445990415039012928092566225652425618460016212051904945264686363976358290768675077790866955695760729744869913440920457568106322565854927228423528435347076411219996448646129307399887220554993247657576927716086007392444759776007994098038868157218660463945028151226009888216308220005445531087
159440965908287048359166951389371165577239741954157628881080026500221528899370724210265440005336329133730016708705459523463248747666781088001078860203252687726354063620489941048231437831882702973745690094877157446894217702151030821374589194985901467990737392559400411818136976917292444350595040192230157936611
164851443473970646558313103527189400470895491436919847883136917564960758215830827135544596809341721922239340023286136784958101018490263141719087999979599704498983740659194045404827253399869443160223932290670025853239386328680262721590211109251761614849363851024817516300265067619555219255262335295028929012589
160386680989221290271617937305502137958738060540961967934664534584228705681008434522080047172729404457652828763920758914404421048174548502721154994754275718525116223611476089215696933360503329346003930286222117649682057195043695617767485950568633655014707906040825255576335068343931082554214759554663005892321
119738205799899229384211817370115714547119644181386386456659340058200598211690935551001379167826505166273386410353035202062872523079805162307484188442077170250056490753528168151267533455346266555289279553641659354124936814039853103452040617699676362538790011293892314601305307685207821179807325148261836531163
162758538006890562015769895074440424181757364274920044513921402043859934160874395978408609380328113767283828005579962009334835530789620150612120476537180658584853157722341721484387286425611497364399186690537757350997219058793729822623965721159494310121503653230478090679607668389505939666389798909846592628597
144906806946254714395677142612991459084479713599515483734300787936573542484689354316840480389855283862445786803739768229924415375663127164549036905704223553647963328516903842367237976189883480208325283675174634886274329967390302016745173674054878033385842307541329026850180136420797487191534583089173268423577
142435622915633215001781450129998590189386936019124320380179676390079705485163076540935058586105473817793265091132247115299093187504042678259965709039970378337094484481491438622999044014862101576424738008886855312591358371635133270980448327856351567566135707672108844334073482221768516596309768746013745584073
168575964654743675336951097952266207371021736622502968882300827782338221403707750565160777684151800984553497862912161601519058942644365934932526152946798690576114239840662275139633405507096256981591973714972683844697537440532387047678597803602426170371418231379006718642598822257832660778249856086089886987171
154590764729937547422126454234468397641925780755376724706336175548023944845822594850572400194290543510744212616554415383463168825208509047162481149503340288170181749243314024696086000971993632234758738559455313944448181094024375403724754158480148928008874954203391973581938572573352306798849618682323898913981
150312828520987881182605308825466688880643740486781203955426435294355360905597839244729258511265527783805183098915471771910741301257395632123185048188297363198835960386539243293965843120985352710948139092110631331461472595014606942180678374910880783120181000873996306821949757274259757726676807871879487228819
142997423628367877462242087756388459058896460111676501269192995363096504215089758371522219506703448455340597883026554850134929772980405035693773700560912538032553727273084618400973579333252505336864542033798089075801179011615888390731239924823683798181390175509067397698951474352931090163354101189834842684637
118770673804293953672228038069946634928174680370325741868038836877865479772462201224632694560615640330641123288838496306508969840300470445973964503162993857098926046893826076084002597389902850584224748571084217625543061580455019132657965680013835336158054668950193470057207987995620640222825927536228176019423
120588816313140329980915366473592520245773021381774952397147835524207502943662912367160794508317731697789469349739086893743106319493401893779202834799722254732665708046371706144430028956652129590346851682299449583288751462558824994296997201016660491004207051672388578831499535465054471720861698807191655663149
147617540586422121473361932004494915499767170449638705383816957809857547507740501240283138870665017317660036856945897712846640180101265377632587688182174955112424302620452617933975859474618835932510160852629960358165689150958242427834930762469291332496355183804560008188414098447242721521868678295338696306809
148794746711418798211546347030390446896572662386828399790475631719566429755301216797574979137865824494792954707724305686117553345813314923620246725506697513409605620305705015005538787583611913930780303484978314939575348527066858725949189546732118573454481061455602525902116228238606551440710552149662254739227
157881364019865676075291764207611328667514726767927072418748968092170603191930739522557131838375229463166406012450008072041221987006037356040894454802889173820207123960969542943083640165754134527537260517484866815595294707074725260766341953847125169351385325910361837297707352019100557964608861005273957255871
108225380660701508651347040858228655596013236042155953974215228841615074850644327370908825636943797120820607019090473544882394445186205221854833151919615707661492311087669612643201992063218750153347955932442099204816104876326844216027651884115635503249210907014279967850896333743709283330210897269075915327827
168394991052331678854758454938640482295823736504417273474299181247459511165850050889250910948843158622777150470296834165266247276329120417379801350027665122639840143826394460852185766954470908254248695417213474717650795845633265334488136316492569476496617208553542038104540331737913911629919786225529844801041
168200108399477100415985573629550165289901594911922114474724022189542212172250434188826786930814554103946089400618237594470264661807557193430826602755763837490634429476432419367192562666031987132811620156704930715788862851844921938435214202707024117427188425855546161304104373626082651101357336429746928986707
138934504120680257923757235575413490810919292079253889910935270674759837032429644681890693682868296739911324326299897309137810533230808172597896525833873660171646190991198394531328566060840989629032873622901170097028644338360139730301363909249965053639285763341735396717879204966079334167518542553771273911033
133138415481537676269108333734277454094421919338138911913491809436004342503864790039715679826619151402962670651368574757695566444986661983803414081223367322330130661376871542788842648854514112543900934860989903502131418047131677204962398954872913119199176831906305768457659274071850549473516404781095329051339
135714000124579136191485155520257772287115160641051688006768932416080776640147625939061588274571019892360004256340449132309441804384742110132282154217248851763284990882714530380541278255718639840759709020493909490275812962861254919341110425804372237135589270383924334661735381886390536358184299902976183378963
157932892553020905645775134747665120633663458080834314602911672991494126898210488839005587479797874165227751430269063467074588705490000444824176221251305880948187070730112266629749591002578834537292514353217986577626019421456925027338067665554557662305882300722235113150028893512564292826504538051837329620601
144995950719802674806506461287487258675706822297869359537140359296397076208651368523629007787505522066006759178564904034701227308386404088489010720978008865568699425513277784047604925532594638038174779489923435753783359069575633175106477073051836918289739338014886153392580586723562167513098628931667801975251
125375385172287291471422713397616039914846424082446260699959440958197188211893806693927736966628319089991183425015144326583528326471335364046940932130661150653804489386310514797304644475496227039880764283852330352604560850079061025053155495452272568669091499771146872248384833325808474200183414667787296533897
137399260654386517705128510931265032787123821518577544085072148564236484087020331801131635090074026226153154188774691879475510971688901588850154398984925301607332663358125797265559190376749803326942220668793317952053701070266109512466310639389170070319046859665076215289098409722044100761560191220151005144141
156318699621976647638400426437763552052745394710745475092590780902854481082457929998679030098320144297992770391503847697810684163695788705711375617373512884984323222518298259106141151766433801350339922661632911349211902914779502566088702486186293045081502043692917439549760087752629900847671177466090287505121
140390189700045990124297517278750248563718233106483481204951949565159659695336795182158002911422260740867127999033239444168528834870752077605620869208489016928095039782215942100196561902971280043073767356955717499738552936227544979809014167572439428930943823102692086775314493799479367312366594307640403465211
116984848733610918473902759890230218924342704058829480669155382030956605565314543509860745211657351572091486227646323379091912046024566336441798158441140433101352565851381032807171074708636564699485244145303641240459415378586295588034776297378857880046601327414963159999969031050296673054508629801914873067079
121647890163039335911637385527036248520177877086267654048384418268403347135090724769543199694289587375926748724992874136631308968231084006997489077670016999153438088169870225250321267393654859282359731865456792973776739799038059454485765691903042631090827392159489687489283641122364470093088087578603499242507
123484371931784998497387223122156074955605650966875680532389073069376857421998351011035131644103865447265577027276512086520024632825571509066598316044581874642439659156805062178277044723000218414853337730582332757118521060056076431916474660482178719096584014520901531616395904845918490173448431606772770865911
116942063414768682533147397021728135234829179289865349127689239369428731132228251137246724768120735221663095240745481615255486067287209248548833912260732225065873424798818507778175832814865081807883148559424760652971686648410809612239117953752851449574926123127273373539137164720627599535457044841748578776809
119652495690923982386611444346739643516882312603645772130520456063044355007492618324291374290241976178817696593279828722489576519485974714879811611870976954631862973894844617785186380558614678705701822503798896566877145189589467747656026832632393606873012968256313328615571525279493062297862593710997505225429
179401173959648232447918719439633316908914970471418635997466202202410610699396777167285172447948283700777438906980915115410069772003128816621097333746857844641982101034145162674305457349352103025790181482009983983398679241860156142771110298784289436699151527642357251758176432925325821517448185370278562420109
118257843776862780449479939293755631213817757231010884339513926561465224278010720502048743430275915351933310831669712815103279887394856473049194152994481306701580961586039910822047106702381617538776076113650231493180817666862495168398149039705968835517588562934868224246259316918486622697810331091942516071507
153010044401540173285628968322313413196687574574899291346876357182371461345774843569755291387483881002178032618175050439522360967914271955670360035366610353693813792548290291885326790616520854527512637201998452169910245661209404636209616992374497041327483664353415394925955820577871016062491137617975903777931
110296091933598588094043431497332128077755691828041837666455684768237476366042404127280083000121171160708791319816221862357004639206114633869382420408646900857154987168819723480789549494730656328911162930492674104025463246832775045615503179498448966395447514977530673181189867841019723502041130309832388116033
141491795180986353294166069261440219395198892159175725874430772461032890556448349107067599148479736043898406207267550560236758209928237798717530165511889932468224184267789832209543608539634444214708004514643571906901513071565141958279453041230704334994861486143687815272923957044925729805339892058572725839497
137557922987024132843996069492599423813871474518515178134258478420226327730730693996112706084902766255611079345717556633552056722857720294804756413408236671743899798152674206960529037760919437344016601603849612897201490544924747437763338283280948524816902674573687168828676000063181801390738425675375911934339
113372564512660041750417787175766786509911643565128487239158122922518257434179353984215766500558257270555589197571072488541022988934119595631801257852592989392347879690738187447885501911095177988261897954974992574005649633814832537956995273815557766024228858955651696933704778113588987052997923497405078385339
141021087359922273361494418686412663074341612649106978669737946187401162582098136875797318847827683914568757462575746757490901195414444723392393233244133397032619759048670120449597147995632265350383997764731968205635507089411727474614542763578452098460380125255881303528261526870532233888341140453243915876963
163430490170920616187436292495225078380007433517301150089221206593194283937517421329813923309719809626546843525143249542876764085372310490868560860699894494038659124925922490960395042528767097856692807942165141794953774850095604923613178116963809439833073956543935875287952448528140169344489567382226023196179
162021899246334820072678324228777106636997443511356523907999065959609167642073142537833212943725083168614140199419760074663912850834717861860374151044803092705393087890526641839272199231994402982563430949229583735306927395066139677264903390657894006790939807155175933709787960922422809127986762303814377660719
118881950617662514437839157382557895280083815982330797223775125276766869241328361735798438898426362897345064232812660749581233688720659638188708597355727284455399010856507850328238054428492609028613081728958670605935481859203245056000737216386782095120355440129057030348613502907374891326580903087283072423769
135083038679933409764150749430699201517398807091527570503285404206727456420485664771969889234747206319694265217507503953764925789052733209894589984643539637290263348864990554307577097174953750712281865873695421343948376342890926183778043359815104282892191497138722374661429236223853185591879687429213391338443
129665440639291858272428656100796180109756855950344056962319279171355004467120207509583722133802068948260081562967068485995403750505833083480179141545265951983897601178187468898005106376356613198079850050790309401883827373368843641041196828000243560808901451632738167635889675788849440754360095642482305820133
141145073644503393203151109423790220189480679823306294755938273426976586515808285066952664140747427954426900442624533764534764577478975842538776285106949679678725152750727585295868899824504818398786175470467501334571989249886012293216649506910204465574065364765370230391873584881095023603467657451192527178041
131827230331035551984595404659747665401891576312028750992538661206651786530364835996871787685139701626794260297010298046454404207085705898603260773079593179034446151580971571198334007467215321773212287869937683882462253007000680684298546629943522393261588689578699840863630995036244682217198644973124015446647
132978699719321042423118919155120325545493119058257205834581560710301224723169964172530664504123398076563973482783787825511241078576508397697986179451163900977633983107363926492033027548247387170922055106786608787867778433065935746827321601387186861365043670824614844856633072360077954907702408369499539031893
121223967323872184989494043886652890568366005558127745788298655594746538605148250484675498098894170623514521601946979765670573521620622919525952977133415310675344479695517338306142094935435998051715102899321519379668193206731899557972123789101420442929187162521607936835662046349918438447434012036429957920149
140156331812076496106873625639107301716637289819025656276653861803904456093945422092514136689855009800312140662551696992315399014899610722941228253999076606097517133936612573519507906632976547505584762464970707361388568938808345353891284646966773929313080463652197519036833929627157493317844066002178601956223
113268067008266834073213280767316679316721665328142399523126548302543613400378630725287826867756240725438096168792699926803241677943852865806908482001332091509181009958453886621724670611471146427536699593686839127279651754265891741512970718597754659523437712834635807862568152987478263453227518297012467456931
135817680454793810799507152186476938735290335899244728227152252609987613531652074256610831799402377987820655693141718436258363999324479637424580997177655099428734684900201467393591431058207240789562840147007388749873558098511746254647733512055994709949864403407491970885889508303020319044962404237658897651943
151024971741548760600161438766002630115594234125736104341731170506905178381182298800759007932971619251358727218669574360666667283687254358371289882552457328409622468824270881158607259841037865837659449137165004761884651959568243160593961141861157203013808345393257414784305122506581532869732444172239722014089
