91267687622193202587704592086191922528305789328602297721316080655613146532529
11592008032549978597207365982823830014865066986577337393339337060328230543753606981908685884938450463622755821761332860277827830923784551494407004450330259
10249387753767103692784797669342525230742191756836309921481183045956057518001050247660187017970531494454195959028930317744182164352583049106607645204813147
11297150276769248795760812121468432493394411916098650241306551215073968748702928880017833073061047768046756329636065147041167188803893245023252347107573679
10396341802586121849809010736993267616985931843073455411935438267549026134607433012526340420792079110092355836073237239638578280872825291494887700835955767
10249387753767103692784797669342525230742191756836309921481183045956057518001050247660187017970531494454195959028930317744182164352583049106607645204813147
11592008032549978597207365982823830014865066986577337393339337060328230543753606981908685884938450463622755821761332860277827830923784551494407004450330259
91267687622193202587704592086191922528305789328602297721316080655613146532529
10249387753767103692784797669342525230742191756836309921481183045956057518001050247660187017970531494454195959028930317744182164352583049106607645204813147
10396341802586121849809010736993267616985931843073455411935438267549026134607433012526340420792079110092355836073237239638578280872825291494887700835955767
94995446397002370325598245326950352611471653035711433824897454910966919944069
11502921314147116364007964886084555874989055128951581721159215984322518256519001269148914609645452928768774502817886480480293543654636601232968366603270219
11502921314147116364007964886084555874989055128951581721159215984322518256519001269148914609645452928768774502817886480480293543654636601232968366603270219
11297150276769248795760812121468432493394411916098650241306551215073968748702928880017833073061047768046756329636065147041167188803893245023252347107573679
94995446397002370325598245326950352611471653035711433824897454910966919944069
