8138281119112301917289972186605828322643994893082973131332779739388382483371572753475406675930469285730572884261149667146775987933000416385354599816493923
8034455099551319209703189724667489290506638085906708259783114294606040290751570616322826990238899920781504954435408873290823304786409262424055652616008687
131059332919397131658487242289849619085211063119106552392465254096363885295844287156819049907574337457814978550189104730611604498062689346341977825281702488539832375378604288569833105252333791615058942148814834155760558288082126873119125695567047223606772188391139290830878040856456778252284757460800774657341
9619140834554668568588449839137957685122892616633064453320880368740416040395575343116113127942665070048357021713776554956488293680821714758585724690800693
167646709073347770947860362600557761533615479919908269145522576582923851668929602025467329756059722389606131336716033962203424274864850127393462780970277195874234996649387058943551042220522041671560758999182228268092795829937488843151357256103755216055408542780144795535930165286507716880903608006066477916239
108856332295555519750916837457671504962520416759404189591159956267929607729076477434462125410099308135985023357786186455441231127985407369784191459299214778391282525559228376124935053437525602282287996444427499475666155464812471217638434169190613910782279126948645978031820057669997137453288719109669527792059
133113176028900683943381270737456344209102153119280765304133705721073261835646997479271227926089127392595311630470742679058581377862132402128985674751067308614533506438064494496784505654096016564022628293326808307721835344397698717119763975132760045689402030443212520648917521348978741820747804377448158420643
135399030203398756880187108155687039126054564628341695375025617432127390258580383061914168894112399556334471261316139543690409234822626014967294794829251847709526811529874500287168156844867901702685234859696635217103374559117329196960485893110329582479265044159121238401987500060377492610818186482382715902529
122883793562628144567339220099961837421178939930712790864388498461052436206529844977324178052162354098598413753993053748036708743987321569163730722759768267526607144366351388572881748768898340385305202588147714991281804619231451118207141248868534297813501456866018463377837851253321086802509432211352812792583
135402120723258485892806554975711260165007861433249923903193130950051617024573386996600736819677109124362918954288433154812830665537649688078427790278928489872017793318940223829289078998413516550929040715793913572676681736185303902684837301747833663278332940703381293349849969587853989646844751017501309946939
134878471948226671433313153161329674366341104491655664454454033047297600612460860722839242647385217904557875160804159187210589081893740259975667352264222098820327539132537535485209395158861600796971845950619429783958938609051721544240894607051256839153157830726683590479439129274741393687666670408151178782299
109343831654779628177841124644119966928407972369523601623561361764141546827452373516372437485705663594524155353388377392974627433611702963834540513099187100924234941233480078221240538370211412266805152796408370880808396744358427084657945156140824364039245772160153475192396322265467775711146750234545905494251
119441988558253328922852979805609410625464229912326715239313533598057800805953893548122929131379995936444751275778048613235762510828897968711839274099185882737805142517969983905963019214880540684758965080007901964154758535600390734860560161721920273281534349505909730330293523106393404480320805441399612260457
135091283259415962224382932511130965801494431661223514152951602570040358121906250356983059501521273695567399318804520499057166417630444437728227111804271286303083787871158015848062249873849207241748588414321099210168976664121087382978321174842062906972488264246233499766740731347642203773593103573838853833061
121293529620866173685100633281475742436245933480137054140094199589327026798123534859290040230211212836186139658801233917100792720671967535402662352320326273722103592719444235732705471429676084368058321717838063152700910753685056082853158152568197925956060008275623953680990100654292577353291133347494094615489
126867220490906479765693834679860308488395119880130108577846733424136085577150456046444893376494304562783824646722653689392449585359561722618557003364152177572165330138401658539563302869150869932866897968559703477392433263913572782601288882992009830305990527186851254107326039965401691646602960720050954069011
9380796402679266685630247175474835792000922921289635259044429391673199237735770532561625573034647236703426880265915459643924744833898839943160565309375173
11956010961483305096944826203419530238897488578574994140218475077798882621530377050117051971379688619374604048687154850781064376147400139974317460057408847
128245258140160687202849336031068866119316936561124509921459072740141196480502034542608115896005629253002916722837769485781292562901244650447673771781301567290730373774010542485839611628167035617211363855357955160803478111500171751700872534495983907210251746218848775510137356963755537046456751704968204464801
128550122098206329879085793742438958295296226550109365616990035448505605296213230734594702649919197027590750441823520036494476148056622588371113789872663552075403791380764542085523251406475019192786371691696572010535797639861840695335136532085621069478479272693687130052943023764395817065279167255285498923013
134237723127669766846746018593090492284857820300069242469050328180909453092379084775636392487026336480211917292977029587867647686583446853259845407939495804918046073840913134665152784904622089904306785173691207407920865996564394011291035922237059417538224127556260735477913579961040955025192563768209176616879
169094180268922041268414660060838687138170994018067579179984529987357709274877117749468826028624588548138731940685883374940866243669490034421822801916534265620592356159447309264476585440900196263549221220849645679546798283879507290245934096167947959980882381309454424522475590561700185977804969395890171472157
118505511456257087450023263328703595055617096364778798208759112829026059359885372933745223396391309039515857731132939700737650496805792331906240140138522376503706847990882621249763985777482963316001705165173037945754806753879967617102068384624785323351007934342258429653977420895574526381241540798972561926029
128184357565444213924563059746056156926238929484089132690671235118959829283080060263786201949967448309495635709399157343256729084149655703276786246620406998666661928319286005147458868858469575300746397327424199278226852148946532943064267393344756023511872920522360452916213965866706455656410159561944151297509
155273684811445267291513263008573435334496167412087669140714248480815727943216181325425836373694028533945536602066051875572302370011762453284756620030906478877684821481998778797335259272796327625501886301354204657919208217304267530599806265483117952378278359699905993980260737361422169902040976287283825627711
134972198130923150493343633948600019832903714130569915909714673005100811526066986031095428726589600365153302262336436779194944492262740615983364839538542371019613863282389153083924881845366274652157023785187723225104675135297297395092766619380325417614015970215515885926669488811604762680763090993354192990269
9984579065398213354000201885217719151840717049244993394314590175847931615084123763675009183176200316106072884623234129957857480670790585524412067764374641
124480513830273471201498785939830197211291652439626711853148198604252240167876600832259833816468725676494038070625917500716729445683020919765377257769480483236131796883736484645309510024901921540080484278203221597693777357000363398604230342437564505112825412732331622656264161875069302306357715677628494056477
132653671347061920587446397508167873356303441050217933649526136450696534096144426660594396773895981653825298466595484919041847611254721198365461103486712340505613974969608638155936136458227848824053069048278531539643867806286321104905535744952037732313298968956342086456649305190705906134876459583182112232443
9007645164729740923904830556795962138959410791184353447592969808686861899728450382864568219274374424645455943788597451870132449704424883085361668491429547
10299913861611254608414682063561563912837815150875464399694483594241164199467749573944551768501846740265230019835681499361715824294843886117443877872158981
166983533781131530671037906300064927753598634978993922592686585238835167037342374555972840768201776645255387962352846558744333459317697200414513096072384256132767072265721875445115000962248246155346483354026049584202555850053170222922734301915637882982932981276870009730538549757756536431505932483617418121299
109526503299468981073121088822013335406276884252239178166264684924739949795665261295047471908600122811450072538294217623125213589661643257486600440446683701266255723076397995153404123567091365317691708572952415530601747606150666434650330657728420746276250198545179202023373317745185041869709517534472997931917
148796108643478061607909438555734642521262928954539628797393698966209636487112341175288685900188721114630691898945256785498129507640181095827849169123106763369353029768557215616243836639037879480727360105307232060502130867255275170114369503792823884041225868583169011928952856975232839760234374008017183469261
8185544467764421252967785229864195141883232235037421916972857614994557933850495085964421686187625117719622012865288945797466639037823339232188631014240863
130610629175675333676305007197059924487194052342611551270961945638983280026905440391916352327019797943818579063468494716545112318128902361926203323592224419659724828285103209526982975889561071954121815137384308019030969146783656150699505100509363017138077153694372676849945963604009513931885740940049107294939
163079374660105330104145895796627467284018609211072378224082789309516501647254170136620937772658363067675731688854037864617888620578255820856774234411018061998020542352294437966162005588759981995853313660324406902410084308770172121935771915813636255855032541777599093300133633495822517599613215451302345783333
124235138009620356629449465048593330106296289171588416440507349045398689786753926725441922071079896126261771351658540280205957104515530958328899810734101278829692822282065120597660702397843806085446938440618085091602408337834313276400524069228540552478100543071190993184068210464852149170035100692379359636861
119023003407917513025496187292514396327493679242135003160759054801143384655029659196033268049297446942561379481779959536690911991624938895904852001595750712193587886402491745075144514192507568069297943301448364021729717735303957608690340317413771538422408846409586468417125080801574270267401804265244143432649
159659533343186124353875232690681017767121600205024561638054707409348367800870617355702642439221054905860633657681104769440901025806687949574788478651362231999062500144949008333746442278223570785867410264489876945350806914483142761846269939578901576291532462616123574611788699914682873379755920120800317667307
137181494538677537715316655555558434113792836235039722034628146546446892831457737940355327300790178503407050147067122182436545100473638935518550737096553310919004898610820953592761151311355419510837756142665234349174100703887771119010005785279869802667817707943092524391688345979997924827191346555862470402049
109982614408236315073847359606312596529306649161187262172807481164815841325738814076053972640240493564173607895479484971776144599024387205085746173507816450421083174350903106932696757077266713173020583082127937578597700636365552434799732859350582169032064509826421389460861582178722062806121075231277637229743
159490615553461881421529501620891635517797324089499293647646383814816009680330127861350354879559900686415941722172224343274295471640584976110597208282876712373061638355763961104266366279918691492253181326117368645023598508268376160934107284150586280407904656923955818520345030693407639900284258784523011329471
9475460233028379122678960892657516424316728094137486093035793559439891733205073237284191728617859183708075605294044392673002543371623672506969679579901971
8776595681613129303419932727069732208189055041271328930117582328408840765725174547275028337168038744425335054308613072000286129857422362558784755379883021
112796623103365568182491680693990334336565132447437896381050612852741275838555031873912566491311194288919972747920230135053424181172536101566807232849618582972140388143326729612075450114839122752902501892241696603151246641573167842476181201456812337966035440401018705061214529325458998816846624997314222067937
158494862704946229213764932370966275452686316490109065835670019590378514082609666893515304645671790422874557570398534757165317024756343201278617779535059785971584741882492898000680621424538576639946349051391275700014314953696523253873661641190930793069416609697629068585896086046387468236030004137052695458297
143777796297305187404819013620855464533355561675351206429182131139742504317569475495826713727393556158252902497866460900497338122489071153365823039129588455729128923267868096584142997153378657883219911712905257056214463730631111037171363496408376325924576639221058656711515410256986376270776724587298540590701
120142948897911509036576056774546382117897513364838353098307663002063728847684078808129337173045860810698646978054815531477461104251700578981309856441164659442400729915595920189238831498263162345868612770171891139735642552597571223075559013184797077097791559420519564679709022120587966011507881851730481535109
126482150443197341503793902879965474778586002010031010475692179558061043141971632016802899691478805138732864383666920546290000727229149549560576854791272772158015025261961175620834975338237054799964777078030978595927109056922320527808378177631575259655095487068790038086335520896112747833992328250170533270331
109393094675882469617824209258265047264560584703051151133397195684098933000262434177747397173452732123736069774855737745477120381119684874676652808681670984094127346074168831100940404273651136268273222598510459667109214494764482944699846711608097850060324185598619987135812933546102167051831932995509337129869
118485281983009210747206442525407737184880389370027715887808541650263269048248734286334493155918150906849146101593541960278638547766296006451883810272302415460311318202754663353433594641986014740715703212425755038398986233206204849019106241075037485068086725768040889665521456710546080768359023250511207758461
131805688868516319469589488730007741378698643840475983068494518843543110681369185568580517545983876931482650323575845154564849676623912987876344522121422416745879183789004655268555397278546183309788888404709991158199062552226076970265349180538505928076111747542317627817909134361464435649554897641439871390179
9234453123636803789877168619571933840279799942130165398182330294573948467123040113616786031411079897546440764631539887865506243759377526281402089294433823
120463245047000311751562802707382903000068522075502878334868955342618467284202932860683373225164653024924613645324395377846086629542033860675709753915451252467244030527347858245125551453256242552710041410542997116850478812502175555134811138050635703375721915858649859575629665747485598589084670215756190238847
128390208681978008888030997360779596076146590728854951555048355916365679306119638722973278478778484819113161478112521895560556055504792247432734264336455585218298396594987128313533250127624128207168653060872964485335300023644621833690686855471023322541498978009002394000512581952287680830052013684537695955223
9883176452019802794994577509684972853512368459970779515636327079745345142040346962071093894217657761397500968361182922101130645211532225459315874790729037
120169564667732659565479811181203726510481724326204432816215832859638368874969653650006858567440234869543190413042320062228453768818177574010093206091211235350113681458216437939932506790540293249304928703243492133173049881193134639569436971030964309640151857278352846752376440596257928663739796420387232441219
162247562021899405049094724127453014160729640175659229982147808025517774204632653924000442666100860753017465222319310809703318934924562748483192014635873583544433534623544196373260362793069275853347393731523817394454137742705394278589073263840209646814285424357044773286233483278847904293643875114068750896113
125680812630173476235575651813936293962810771923391766016113783452053043404318002914691392382834777596414572587301805693512176273597339616763615709427330699764438144951920105256695987168794593501204792731754861560945886309753973070795804141997250472214542198881785676689570799658242613789264379073086493784731
105331593337101167612298177279305223226342064250984188407296266710071611578523086333876546545936677375624125053018933206210620323488058822387171178877736638372653961014875479546165784291469872466177088098724661693334772180959617186120479537656038812241351851639039818455415500412840007404779629719844622133619
121538819678653292010515249668387368062767634847390513916819100887058565691449458572183258690023454367480332173689742783833793822353158603102096502787123878673786176428676451394383780755778684697205631713707305281083232449629033566071863817007851914153325880025825810202023765222025165302645520138321929268597
9558091948824905446830917304290307908910563716665315579540931233790341999030333552624604673376985480853659845323540724251299612115471191025879912663997037
123762942744080619147003472845083739572417184789640780068963314962976360178909499610537667932313013470271037292379317850717575496919811121581540162438806300815148316208072245561477403805296096341144008898653475976021483899107137775225153241949775721804330227606283917699008287442351490031622039623862881774859
131320741059311245357327922775102895536975203510631193116253471726323722238462879747171565526060341721489820132624830483028553010957796836197995730560702036116193786694165342151735339890756970446911291479881587890062898619064727895620375472535503295673580715976122084677726987408826966746198337364272180851577
8996555494820048515065170972645381730937709958250886001323050311607636406336935610526836923495734184346850323356344249892576252355634696643244692362991057
134288560009362909778367129323250127964705231581219811815356905110075694141495829952129048688288132935572019902029247205053274573202693452218970017348025794864619410080982194908114594107576869476700533043267432327052390351661032776248132787389353261145832000948881562386962764366153537578209234151800274810331
109394504951066800302664511298682170912954656430737169028196319956069285210261957480263868596863450851500956117310062224164675201565775153250523377336894660453511491622955492556097776197765932591465465571880286067074122313979560471216103442375722239489557416634582232139090427187242991861012855717035729434707
159832771581421728893908289796101864905455969866219978074472882718807665990826979441353840479309410963520983798371834444567600725782608354349457928058587203826325960316812888221102849340002639342350432120607841401208827869466599561644868048398952736843080637055168046333378789361881778017473956990529829135743
123974698495643595102776866394930296947410853324131343435614815365638315145712889965511505600396331346406157526059538502414862589637792215754251199827651478969247989938211395889022297972635534435769350896378519784909446396960476486004087363679337093520161913817844264827129674610037850929949777875518025548997
113287577100638907978553122391580336617665754792132918382769968964483869972288313268149239736612543369986849915217125513755420655649104576097691602060327984202942073418444901777001588306442592730332624353520755338569816673159346379361714635074231050029201333987971275928052603914090776465780978931479312375477
153855369042299184898366295841628412517770749998734707207589946400506017388714338546787921676020707443608742642865277390465392760571573637663857010631732462409810480022128547851206497677965507981938787503329182877089928498703811614247005964147363294601364850382730352995065438744901564009860105235671029916051
145491197318718399017695789799838256316903267861524152474242277635485342329749358391573848069305449828555763030527684245150638696201273880599813511243135423684502695314114903739951664210892705863685800486903875600900621090077269412466529361901203504012491863073665474336843957941572220160718968278717136755101
127622589491870736107635903807031494508699142428324635950806600326844014469249191397140316032424753540519332301498334752765861308347415046809123517373586385385601831072081021090481779639402620854206869403472157580798064004696286073352638515307922126140056751021987957268420128928843773885389978605492592919687
137494884465619641142242049438764264600731232145944936569096307884389154687373520844309453865020080716428183944620342195264200815265034899199077026090618358088114872894870118169012152982696675206643417939456455941737153210215450712507856764437908541301559019628954834821910234446944809427391521864837291048119
103489969952393179596250671901339744730061569200105631771823814480421926209374636462554664623097821589654885661741909436107338525488091193059625876589596487669728712466089379153719352091276698048949852371318250417236883776713163310248000226831560860272001065655614468648468526783930937713046101748474599230253
8280631795911713880277332616896605553658889973112315389753733855989965123933926694913508767898453452265801593782380433165593426005075691313976074756121367
155798046587913925051106077898075049406589266133484012311755682095447352651712590419744304833717854613275467285420937444903791710714299242325243428882701866995321875363049694621145837472871148551919438747784569998782549011946394963415953181459778673514330664654420077070869003575503521890637863030456398059411
8684932453715303682324738490862550729686650250884789575595292803946288742901379462775886206153083799075375714123015774312540998658945090193180800419526907
107259091226058543530235463889702530795028218847517274097166380544640144911224605961885459544041609647427724941985264790739563063806563373443267266051163187211727657733598701642663652373157805053075155866466032685337843723935379847099890987760525851694047016942080801300507158704217004383508714858672920484269
132022292477388808273996545351536052288159999950859454272096654495962940199643233211873922822564425932166980865561322071332474936417599210709127714660642937801977034152649422129087804913030598639650723487498407498595620796270239488959216662529328990668174316540565298150226638410511049130174285215873480808613
146679058476500437491111233021275751663990297066652025074504920635316480311742313491966279745468604732917693406714521837533426142380600454117466609920659457332285701747816711134188867061584314700989930300467888599960565891806180126115023369318205682313486565132501145028847846624851216979358650527303390044561
122484358532489518503777211488108172890203682442124770251799064047057454145970309665067285327344366695056979821852660125012008769488457116701891719019262659737103211872541284951494407367257909826551194894799098334920617821261917048193983507149219008425996102702120340856886017668626158276175039626542806021477
114847932428010327339331081147039744658224618429157134556899104427626364362946829492798690734182733724044844224751735816751097763759893791162460896388388710380064576054108968809014700903746071182547522718373789705063418649770757028796979043504948159985466030290085206612257288632251805568102631804609215091157
8074532512604898249077459660778192640183973488838336481464646980209715053552920244114771757609689457428627177871792668271083104555080797801727885425303213
143316744172024515841761703203629113687133424705626360653462506499983161030193984722686505463776297179572748245368116986779004307592382198828553108774634957520394916152379428988761070719546500351965965801431857834854821819447834217368018187618813782698975027301672610756021284644430477139805249005819112994973
8988189153604806406398927651185630040210813665947789796043415098391802988175575868282068735696740656464617623820216141364020584297267905490620600743454247
164953886178178316706870813892239922626169338640269308230428908031522994297333208656208818578181599846802161415945858075528047848263495615261130011175761904876266132296488978537462499252244808766759134392931996157722800451618597825798357549213454340538402857804199126994736746964032076952193862894042340897167
126813141697658407670186895507407855161670490265746255412328686022171107893378409993401196246530562817364022756598566261203683774992153749320258967764827138216192807814130772388707434732637752922628506899004242592514082554547381320431735584430099689593920733929635825892163726038282413722730584954830903743841
151769293019225241322909760645584343574333139629511590792511671647511154797001222216938119006733797188774661577089850940209826918278168764357595264720738512087492563675427363377177436717741155096700234024989549223097761981895832281887839911273826654465747886898281048935130810128656875871164880584067621354097
136604205484189872119302210815320177557744147099318420603726131162331214972794376411570412801175026333758403256731948504016775156377610119727138644109729181304872317112731273340804569640182275381287067235180905611368192166857805932473728518134089404740601343500102221288253898952601365518616172962172955804391
